image_width: 640
image_height: 480
camera_name: narrow_stereo
camera_matrix:
  rows: 3
  cols: 3
  data: [378.13918,   0.     , 327.63506,
           0.     , 379.18331, 242.38737,
           0.     ,   0.     ,   1.     ]
distortion_model: plumb_bob
distortion_coefficients:
  rows: 1
  cols: 5
  data: [-0.289249, 0.069756, 0.000660, 0.000437, 0.000000]
rectification_matrix:
  rows: 3
  cols: 3
  data: [1., 0., 0.,
         0., 1., 0.,
         0., 0., 1.]
projection_matrix:
  rows: 3
  cols: 4
  data: [280.60898,   0.     , 332.74404,   0.     ,
           0.     , 327.30179, 243.28216,   0.     ,
           0.     ,   0.     ,   1.     ,   0.     ]
